,seconds
0,0.46805715560913086
