,seconds
0,427.87820649147034
